t1 1 1 521
t1 2 2 521
t1 3 3 521
t1 4 4 521
t1 5 5 521
t1 6 6 521
t1 7 7 521
t1 8 8 521
t1 9 9 521
t1 10 10 521
t1 11 11 521
t1 12 12 521
t1 13 13 521
t1 14 14 521
t1 15 15 521
t1 16 16 521
t1 17 17 521
t1 18 18 521
t1 19 19 521
t1 20 20 521
t1 21 21 521
t1 22 22 521
t1 23 23 521
t1 24 24 521
t1 25 25 521
t1 26 26 521
t1 27 27 521
t1 28 28 521
t1 29 29 521
t1 30 30 521
t1 31 31 521
t1 32 32 521
t1 33 33 521
t1 34 34 521
t1 35 35 521
t1 36 36 521
t1 37 37 521
t1 38 38 521
t1 39 39 521
t1 40 40 521
t1 41 41 521
t1 42 42 521
t1 43 43 521
t1 44 44 521
t1 45 45 521
t1 46 46 521
t1 47 47 521
t1 48 48 521
t1 49 49 521
t1 50 50 521
t1 51 51 521
t1 52 52 521
t1 53 53 521
t1 54 54 521
t1 55 55 521
t1 56 56 521
t1 57 57 521
t1 58 58 521
t1 59 59 521
t1 60 60 521
t1 61 61 521
t1 62 62 521
t1 63 63 521
t1 64 64 521
t1 65 65 521
t1 66 66 521
t1 67 67 521
t1 68 68 521
t1 69 69 521
t1 70 70 521
t1 71 71 521
t1 72 72 521
t1 73 73 521
t1 74 74 521
t1 75 75 521
t1 76 76 521
t1 77 77 521
t1 78 78 521
t1 79 79 521
t1 80 80 521
t1 81 81 521
t1 82 82 521
t1 83 83 521
t1 84 84 521
t1 85 85 521
t1 86 86 521
t1 87 87 521
t1 88 88 521
t1 89 89 521
t1 90 90 521
t1 91 91 521
t1 92 92 521
t1 93 93 521
t1 94 94 521
t1 95 95 521
t1 96 96 521
t1 97 97 521
t1 98 98 521
t1 99 99 521
t1 100 100 521
t1 101 101 521
t1 102 102 521
t1 103 103 521
t1 104 104 521
t1 105 105 521
t1 106 106 521
t1 107 107 521
t1 108 108 521
t1 109 109 521
t1 110 110 521
t1 111 111 521
t1 112 112 521
t1 113 113 521
t1 114 114 521
t1 115 115 521
t1 116 116 521
t1 117 117 521
t1 118 118 521
t1 119 119 521
t1 120 120 521
t1 121 121 521
t1 122 122 521
t1 123 123 521
t1 124 124 521
t1 125 125 521
t1 126 126 521
t1 127 127 521
t1 128 128 521
t1 129 129 521
t1 130 130 521
t1 131 131 521
t1 132 132 521
t1 133 133 521
t1 134 134 521
t1 135 135 521
t1 136 136 521
t1 137 137 521
t1 138 138 521
t1 139 139 521
t1 140 140 521
t1 141 141 521
t1 142 142 521
t1 143 143 521
t1 144 144 521
t1 145 145 521
t1 146 146 521
t1 147 147 521
t1 148 148 521
t1 149 149 521
t1 150 150 521
t1 151 151 521
t1 152 152 521
t1 153 153 521
t1 154 154 521
t1 155 155 521
t1 156 156 521
t1 157 157 521
t1 158 158 521
t1 159 159 521
t1 160 160 521
t1 161 161 521
t1 162 162 521
t1 163 163 521
t1 164 164 521
t1 165 165 521
t1 166 166 521
t1 167 167 521
t1 168 168 521
t1 169 169 521
t1 170 170 521
t1 171 171 521
t1 172 172 521
t1 173 173 521
t1 174 174 521
t1 175 175 521
t1 176 176 521
t1 177 177 521
t1 178 178 521
t1 179 179 521
t1 180 180 521
t1 181 181 521
t1 182 182 521
t1 183 183 521
t1 184 184 521
t1 185 185 521
t1 186 186 521
t1 187 187 521
t1 188 188 521
t1 189 189 521
t1 190 190 521
t1 191 191 521
t1 192 192 521
t1 193 193 521
t1 194 194 521
t1 195 195 521
t1 196 196 521
t1 197 197 521
t1 198 198 521
t1 199 199 521
t1 200 200 521
t1 201 201 521
t1 202 202 521
t1 203 203 521
t1 204 204 521
t1 205 205 521
t1 206 206 521
t1 207 207 521
t1 208 208 521
t1 209 209 521
t1 210 210 521
t1 211 211 521
t1 212 212 521
t1 213 213 521
t1 214 214 521
t1 215 215 521
t1 216 216 521
t1 217 217 521
t1 218 218 521
t1 219 219 521
t1 220 220 521
t1 221 221 521
t1 222 222 521
t1 223 223 521
t1 224 224 521
t1 225 225 521
t1 226 226 521
t1 227 227 521
t1 228 228 521
t1 229 229 521
t1 230 230 521
t1 231 231 521
t1 232 232 521
t1 233 233 521
t1 234 234 521
t1 235 235 521
t1 236 236 521
t1 237 237 521
t1 238 238 521
t1 239 239 521
t1 240 240 521
t1 241 241 521
t1 242 242 521
t1 243 243 521
t1 244 244 521
t1 245 245 521
t1 246 246 521
t1 247 247 521
t1 248 248 521
t1 249 249 521
t1 250 250 521
t1 251 251 521
t1 252 252 521
t1 253 253 521
t1 254 254 521
t1 255 255 521
t1 256 256 521
t1 257 257 521
t1 258 258 521
t1 259 259 521
t1 260 260 521
t1 261 261 521
t1 262 262 521
t1 263 263 521
t1 264 264 521
t1 265 265 521
t1 266 266 521
t1 267 267 521
t1 268 268 521
t1 269 269 521
t1 270 270 521
t1 271 271 521
t1 272 272 521
t1 273 273 521
t1 274 274 521
t1 275 275 521
t1 276 276 521
t1 277 277 521
t1 278 278 521
t1 279 279 521
t1 280 280 521
t1 281 281 521
t1 282 282 521
t1 283 283 521
t1 284 284 521
t1 285 285 521
t1 286 286 521
t1 287 287 521
t1 288 288 521
t1 289 289 521
t1 290 290 521
t1 291 291 521
t1 292 292 521
t1 293 293 521
t1 294 294 521
t1 295 295 521
t1 296 296 521
t1 297 297 521
t1 298 298 521
t1 299 299 521
t1 300 300 521
t1 301 301 521
t1 302 302 521
t1 303 303 521
t1 304 304 521
t1 305 305 521
t1 306 306 521
t1 307 307 521
t1 308 308 521
t1 309 309 521
t1 310 310 521
t1 311 311 521
t1 312 312 521
t1 313 313 521
t1 314 314 521
t1 315 315 521
t1 316 316 521
t1 317 317 521
t1 318 318 521
t1 319 319 521
t1 320 320 521
t1 321 321 521
t1 322 322 521
t1 323 323 521
t1 324 324 521
t1 325 325 521
t1 326 326 521
t1 327 327 521
t1 328 328 521
t1 329 329 521
t1 330 330 521
t1 331 331 521
t1 332 332 521
t1 333 333 521
t1 334 334 521
t1 335 335 521
t1 336 336 521
t1 337 337 521
t1 338 338 521
t1 339 339 521
t1 340 340 521
t1 341 341 521
t1 342 342 521
t1 343 343 521
t1 344 344 521
t1 345 345 521
t1 346 346 521
t1 347 347 521
t1 348 348 521
t1 349 349 521
t1 350 350 521
t1 351 351 521
t1 352 352 521
t1 353 353 521
t1 354 354 521
t1 355 355 521
t1 356 356 521
t1 357 357 521
t1 358 358 521
t1 359 359 521
t1 360 360 521
t1 361 361 521
t1 362 362 521
t1 363 363 521
t1 364 364 521
t1 365 365 521
t1 366 366 521
t1 367 367 521
t1 368 368 521
t1 369 369 521
t1 370 370 521
t1 371 371 521
t1 372 372 521
t1 373 373 521
t1 374 374 521
t1 375 375 521
t1 376 376 521
t1 377 377 521
t1 378 378 521
t1 379 379 521
t1 380 380 521
t1 381 381 521
t1 382 382 521
t1 383 383 521
t1 384 384 521
t1 385 385 521
t1 386 386 521
t1 387 387 521
t1 388 388 521
t1 389 389 521
t1 390 390 521
t1 391 391 521
t1 392 392 521
t1 393 393 521
t1 394 394 521
t1 395 395 521
t1 396 396 521
t1 397 397 521
t1 398 398 521
t1 399 399 521
t1 400 400 521
t1 401 401 521
t1 402 402 521
t1 403 403 521
t1 404 404 521
t1 405 405 521
t1 406 406 521
t1 407 407 521
t1 408 408 521
t1 409 409 521
t1 410 410 521
t1 411 411 521
t1 412 412 521
t1 413 413 521
t1 414 414 521
t1 415 415 521
t1 416 416 521
t1 417 417 521
t1 418 418 521
t1 419 419 521
t1 420 420 521
t1 421 421 521
t1 422 422 521
t1 423 423 521
t1 424 424 521
t1 425 425 521
t1 426 426 521
t1 427 427 521
t1 428 428 521
t1 429 429 521
t1 430 430 521
t1 431 431 521
t1 432 432 521
t1 433 433 521
t1 434 434 521
t1 435 435 521
t1 436 436 521
t1 437 437 521
t1 438 438 521
t1 439 439 521
t1 440 440 521
t1 441 441 521
t1 442 442 521
t1 443 443 521
t1 444 444 521
t1 445 445 521
t1 446 446 521
t1 447 447 521
t1 448 448 521
t1 449 449 521
t1 450 450 521
t1 451 451 521
t1 452 452 521
t1 453 453 521
t1 454 454 521
t1 455 455 521
t1 456 456 521
t1 457 457 521
t1 458 458 521
t1 459 459 521
t1 460 460 521
t1 461 461 521
t1 462 462 521
t1 463 463 521
t1 464 464 521
t1 465 465 521
t1 466 466 521
t1 467 467 521
t1 468 468 521
t1 469 469 521
t1 470 470 521
t1 471 471 521
t1 472 472 521
t1 473 473 521
t1 474 474 521
t1 475 475 521
t1 476 476 521
t1 477 477 521
t1 478 478 521
t1 479 479 521
t1 480 480 521
t1 481 481 521
t1 482 482 521
t1 483 483 521
t1 484 484 521
t1 485 485 521
t1 486 486 521
t1 487 487 521
t1 488 488 521
t1 489 489 521
t1 490 490 521
t1 491 491 521
t1 492 492 521
t1 493 493 521
t1 494 494 521
t1 495 495 521
t1 496 496 521
t1 497 497 521
t1 498 498 521
t1 499 499 521
t1 500 500 521
t1 501 501 521
t1 502 502 521
t1 503 503 521
t1 504 504 521
t1 505 505 521
t1 506 506 521
t1 507 507 521
t1 508 508 521
t1 509 509 521
t1 510 510 521
t1 511 511 521
t1 512 512 521
t1 513 513 521
t1 514 514 521
t1 515 515 521
t1 516 516 521
t1 517 517 521
t1 518 518 521
t1 519 519 521
t1 520 520 521
t1 521 521 521