case1 1 1 527
case1 2 2 527
case1 3 3 527
case1 4 4 527
case1 5 5 527
case1 6 6 527
case1 7 7 527
case1 8 8 527
case1 9 9 527
case1 10 10 527
case1 11 11 527
case1 12 12 527
case1 13 13 527
case1 14 14 527
case1 15 15 527
case1 16 16 527
case1 17 17 527
case1 18 18 527
case1 19 19 527
case1 20 20 527
case1 21 21 527
case1 22 22 527
case1 23 23 527
case1 24 24 527
case1 25 25 527
case1 26 26 527
case1 27 27 527
case1 28 28 527
case1 29 29 527
case1 30 30 527
case1 31 31 527
case1 32 32 527
case1 33 33 527
case1 34 34 527
case1 35 35 527
case1 36 36 527
case1 37 37 527
case1 38 38 527
case1 39 39 527
case1 40 40 527
case1 41 41 527
case1 42 42 527
case1 43 43 527
case1 44 44 527
case1 45 45 527
case1 46 46 527
case1 47 47 527
case1 48 48 527
case1 49 49 527
case1 50 50 527
case1 51 51 527
case1 52 52 527
case1 53 53 527
case1 54 54 527
case1 55 55 527
case1 56 56 527
case1 57 57 527
case1 58 58 527
case1 59 59 527
case1 60 60 527
case1 61 61 527
case1 62 62 527
case1 63 63 527
case1 64 64 527
case1 65 65 527
case1 66 66 527
case1 67 67 527
case1 68 68 527
case1 69 69 527
case1 70 70 527
case1 71 71 527
case1 72 72 527
case1 73 73 527
case1 74 74 527
case1 75 75 527
case1 76 76 527
case1 77 77 527
case1 78 78 527
case1 79 79 527
case1 80 80 527
case1 81 81 527
case1 82 82 527
case1 83 83 527
case1 84 84 527
case1 85 85 527
case1 86 86 527
case1 87 87 527
case1 88 88 527
case1 89 89 527
case1 90 90 527
case1 91 91 527
case1 92 92 527
case1 93 93 527
case1 94 94 527
case1 95 95 527
case1 96 96 527
case1 97 97 527
case1 98 98 527
case1 99 99 527
case1 100 100 527
case1 101 101 527
case1 102 102 527
case1 103 103 527
case1 104 104 527
case1 105 105 527
case1 106 106 527
case1 107 107 527
case1 108 108 527
case1 109 109 527
case1 110 110 527
case1 111 111 527
case1 112 112 527
case1 113 113 527
case1 114 114 527
case1 115 115 527
case1 116 116 527
case1 117 117 527
case1 118 118 527
case1 119 119 527
case1 120 120 527
case1 121 121 527
case1 122 122 527
case1 123 123 527
case1 124 124 527
case1 125 125 527
case1 126 126 527
case1 127 127 527
case1 128 128 527
case1 129 129 527
case1 130 130 527
case1 131 131 527
case1 132 132 527
case1 133 133 527
case1 134 134 527
case1 135 135 527
case1 136 136 527
case1 137 137 527
case1 138 138 527
case1 139 139 527
case1 140 140 527
case1 141 141 527
case1 142 142 527
case1 143 143 527
case1 144 144 527
case1 145 145 527
case1 146 146 527
case1 147 147 527
case1 148 148 527
case1 149 149 527
case1 150 150 527
case1 151 151 527
case1 152 152 527
case1 153 153 527
case1 154 154 527
case1 155 155 527
case1 156 156 527
case1 157 157 527
case1 158 158 527
case1 159 159 527
case1 160 160 527
case1 161 161 527
case1 162 162 527
case1 163 163 527
case1 164 164 527
case1 165 165 527
case1 166 166 527
case1 167 167 527
case1 168 168 527
case1 169 169 527
case1 170 170 527
case1 171 171 527
case1 172 172 527
case1 173 173 527
case1 174 174 527
case1 175 175 527
case1 176 176 527
case1 177 177 527
case1 178 178 527
case1 179 179 527
case1 180 180 527
case1 181 181 527
case1 182 182 527
case1 183 183 527
case1 184 184 527
case1 185 185 527
case1 186 186 527
case1 187 187 527
case1 188 188 527
case1 189 189 527
case1 190 190 527
case1 191 191 527
case1 192 192 527
case1 193 193 527
case1 194 194 527
case1 195 195 527
case1 196 196 527
case1 197 197 527
case1 198 198 527
case1 199 199 527
case1 200 200 527
case1 201 201 527
case1 202 202 527
case1 203 203 527
case1 204 204 527
case1 205 205 527
case1 206 206 527
case1 207 207 527
case1 208 208 527
case1 209 209 527
case1 210 210 527
case1 211 211 527
case1 212 212 527
case1 213 213 527
case1 214 214 527
case1 215 215 527
case1 216 216 527
case1 217 217 527
case1 218 218 527
case1 219 219 527
case1 220 220 527
case1 221 221 527
case1 222 222 527
case1 223 223 527
case1 224 224 527
case1 225 225 527
case1 226 226 527
case1 227 227 527
case1 228 228 527
case1 229 229 527
case1 230 230 527
case1 231 231 527
case1 232 232 527
case1 233 233 527
case1 234 234 527
case1 235 235 527
case1 236 236 527
case1 237 237 527
case1 238 238 527
case1 239 239 527
case1 240 240 527
case1 241 241 527
case1 242 242 527
case1 243 243 527
case1 244 244 527
case1 245 245 527
case1 246 246 527
case1 247 247 527
case1 248 248 527
case1 249 249 527
case1 250 250 527
case1 251 251 527
case1 252 252 527
case1 253 253 527
case1 254 254 527
case1 255 255 527
case1 256 256 527
case1 257 257 527
case1 258 258 527
case1 259 259 527
case1 260 260 527
case1 261 261 527
case1 262 262 527
case1 263 263 527
case1 264 264 527
case1 265 265 527
case1 266 266 527
case1 267 267 527
case1 268 268 527
case1 269 269 527
case1 270 270 527
case1 271 271 527
case1 272 272 527
case1 273 273 527
case1 274 274 527
case1 275 275 527
case1 276 276 527
case1 277 277 527
case1 278 278 527
case1 279 279 527
case1 280 280 527
case1 281 281 527
case1 282 282 527
case1 283 283 527
case1 284 284 527
case1 285 285 527
case1 286 286 527
case1 287 287 527
case1 288 288 527
case1 289 289 527
case1 290 290 527
case1 291 291 527
case1 292 292 527
case1 293 293 527
case1 294 294 527
case1 295 295 527
case1 296 296 527
case1 297 297 527
case1 298 298 527
case1 299 299 527
case1 300 300 527
case1 301 301 527
case1 302 302 527
case1 303 303 527
case1 304 304 527
case1 305 305 527
case1 306 306 527
case1 307 307 527
case1 308 308 527
case1 309 309 527
case1 310 310 527
case1 311 311 527
case1 312 312 527
case1 313 313 527
case1 314 314 527
case1 315 315 527
case1 316 316 527
case1 317 317 527
case1 318 318 527
case1 319 319 527
case1 320 320 527
case1 321 321 527
case1 322 322 527
case1 323 323 527
case1 324 324 527
case1 325 325 527
case1 326 326 527
case1 327 327 527
case1 328 328 527
case1 329 329 527
case1 330 330 527
case1 331 331 527
case1 332 332 527
case1 333 333 527
case1 334 334 527
case1 335 335 527
case1 336 336 527
case1 337 337 527
case1 338 338 527
case1 339 339 527
case1 340 340 527
case1 341 341 527
case1 342 342 527
case1 343 343 527
case1 344 344 527
case1 345 345 527
case1 346 346 527
case1 347 347 527
case1 348 348 527
case1 349 349 527
case1 350 350 527
case1 351 351 527
case1 352 352 527
case1 353 353 527
case1 354 354 527
case1 355 355 527
case1 356 356 527
case1 357 357 527
case1 358 358 527
case1 359 359 527
case1 360 360 527
case1 361 361 527
case1 362 362 527
case1 363 363 527
case1 364 364 527
case1 365 365 527
case1 366 366 527
case1 367 367 527
case1 368 368 527
case1 369 369 527
case1 370 370 527
case1 371 371 527
case1 372 372 527
case1 373 373 527
case1 374 374 527
case1 375 375 527
case1 376 376 527
case1 377 377 527
case1 378 378 527
case1 379 379 527
case1 380 380 527
case1 381 381 527
case1 382 382 527
case1 383 383 527
case1 384 384 527
case1 385 385 527
case1 386 386 527
case1 387 387 527
case1 388 388 527
case1 389 389 527
case1 390 390 527
case1 391 391 527
case1 392 392 527
case1 393 393 527
case1 394 394 527
case1 395 395 527
case1 396 396 527
case1 397 397 527
case1 398 398 527
case1 399 399 527
case1 400 400 527
case1 401 401 527
case1 402 402 527
case1 403 403 527
case1 404 404 527
case1 405 405 527
case1 406 406 527
case1 407 407 527
case1 408 408 527
case1 409 409 527
case1 410 410 527
case1 411 411 527
case1 412 412 527
case1 413 413 527
case1 414 414 527
case1 415 415 527
case1 416 416 527
case1 417 417 527
case1 418 418 527
case1 419 419 527
case1 420 420 527
case1 421 421 527
case1 422 422 527
case1 423 423 527
case1 424 424 527
case1 425 425 527
case1 426 426 527
case1 427 427 527
case1 428 428 527
case1 429 429 527
case1 430 430 527
case1 431 431 527
case1 432 432 527
case1 433 433 527
case1 434 434 527
case1 435 435 527
case1 436 436 527
case1 437 437 527
case1 438 438 527
case1 439 439 527
case1 440 440 527
case1 441 441 527
case1 442 442 527
case1 443 443 527
case1 444 444 527
case1 445 445 527
case1 446 446 527
case1 447 447 527
case1 448 448 527
case1 449 449 527
case1 450 450 527
case1 451 451 527
case1 452 452 527
case1 453 453 527
case1 454 454 527
case1 455 455 527
case1 456 456 527
case1 457 457 527
case1 458 458 527
case1 459 459 527
case1 460 460 527
case1 461 461 527
case1 462 462 527
case1 463 463 527
case1 464 464 527
case1 465 465 527
case1 466 466 527
case1 467 467 527
case1 468 468 527
case1 469 469 527
case1 470 470 527
case1 471 471 527
case1 472 472 527
case1 473 473 527
case1 474 474 527
case1 475 475 527
case1 476 476 527
case1 477 477 527
case1 478 478 527
case1 479 479 527
case1 480 480 527
case1 481 481 527
case1 482 482 527
case1 483 483 527
case1 484 484 527
case1 485 485 527
case1 486 486 527
case1 487 487 527
case1 488 488 527
case1 489 489 527
case1 490 490 527
case1 491 491 527
case1 492 492 527
case1 493 493 527
case1 494 494 527
case1 495 495 527
case1 496 496 527
case1 497 497 527
case1 498 498 527
case1 499 499 527
case1 500 500 527
case1 501 501 527
case1 502 502 527
case1 503 503 527
case1 504 504 527
case1 505 505 527
case1 506 506 527
case1 507 507 527
case1 508 508 527
case1 509 509 527
case1 510 510 527
case1 511 511 527
case1 512 512 527
case1 513 513 527
case1 514 514 527
case1 515 515 527
case1 516 516 527
case1 517 517 527
case1 518 518 527
case1 519 519 527
case1 520 520 527
case1 521 521 527
case1 522 522 527
case1 523 523 527
case1 524 524 527
case1 525 525 527
case1 526 526 527
case1 527 527 527